              precision    recall  f1-score   support

           0       0.15      1.00      0.27       917
           1       0.00      0.00      0.00       772
           2       0.00      0.00      0.00      1001
           3       0.00      0.00      0.00       703
           4       0.00      0.00      0.00       869
           5       0.00      0.00      0.00       363
           6       0.00      0.00      0.00       605
           7       0.00      0.00      0.00       748

    accuracy                           0.15      5978
   macro avg       0.02      0.12      0.03      5978
weighted avg       0.02      0.15      0.04      5978
